2 0.142578 0.064453 0.113281 0.113281
2 0.722656 0.386719 0.085938 0.070312
2 0.814453 0.570312 0.121094 0.125000
2 0.416016 0.691406 0.113281 0.140625
2 0.373047 0.902344 0.105469 0.101562
2 0.500000 0.958984 0.085938 0.082031
2 0.580078 0.964844 0.113281 0.070312
2 0.281250 0.769531 0.101562 0.117188
2 0.355469 0.755859 0.117188 0.136719
2 0.304688 0.675781 0.070312 0.062500
2 0.080078 0.398438 0.082031 0.093750
2 0.027344 0.488281 0.046875 0.062500
2 0.593750 0.865234 0.101562 0.058594
2 0.646484 0.029297 0.105469 0.050781
2 0.722656 0.023438 0.093750 0.039062
2 0.787109 0.042969 0.105469 0.078125
2 0.917969 0.042969 0.085938 0.078125
2 0.958984 0.982422 0.082031 0.027344
0 0.177734 0.919922 0.082031 0.074219
0 0.060547 0.751953 0.074219 0.074219
0 0.140625 0.738281 0.062500 0.070312
0 0.197266 0.535156 0.113281 0.140625
0 0.355469 0.634766 0.117188 0.082031
0 0.458984 0.544922 0.058594 0.050781
0 0.417969 0.484375 0.070312 0.062500
0 0.302734 0.341797 0.066406 0.058594
0 0.146484 0.382812 0.066406 0.062500
0 0.197266 0.173828 0.042969 0.035156
0 0.279297 0.105469 0.074219 0.062500
0 0.298828 0.035156 0.113281 0.062500
0 0.087891 0.031250 0.074219 0.054688
0 0.361328 0.162109 0.074219 0.082031
0 0.414062 0.134766 0.070312 0.058594
0 0.353516 0.240234 0.035156 0.042969
0 0.300781 0.259766 0.039062 0.042969
0 0.509766 0.171875 0.066406 0.078125
0 0.568359 0.173828 0.042969 0.050781
0 0.658203 0.119141 0.058594 0.066406
0 0.654297 0.050781 0.121094 0.085938
0 0.863281 0.117188 0.085938 0.085938
0 0.851562 0.029297 0.062500 0.050781
0 0.945312 0.060547 0.078125 0.097656
0 0.984375 0.136719 0.031250 0.062500
0 0.955078 0.244141 0.042969 0.058594
0 0.984375 0.255859 0.031250 0.050781
0 0.937500 0.287109 0.085938 0.074219
0 0.980469 0.367188 0.039062 0.054688
0 0.945312 0.412109 0.046875 0.066406
0 0.898438 0.458984 0.062500 0.058594
0 0.818359 0.464844 0.058594 0.046875
0 0.982422 0.623047 0.035156 0.082031
0 0.837891 0.751953 0.042969 0.042969
0 0.894531 0.833984 0.031250 0.035156
0 0.804688 0.988281 0.046875 0.023438
0 0.742188 0.935547 0.078125 0.082031
0 0.707031 0.873047 0.070312 0.066406
0 0.736328 0.787109 0.074219 0.074219
0 0.646484 0.816406 0.074219 0.093750
0 0.548828 0.798828 0.050781 0.066406
0 0.603516 0.710938 0.058594 0.046875
0 0.890625 0.396484 0.046875 0.058594
0 0.621094 0.355469 0.070312 0.078125
0 0.544922 0.275391 0.089844 0.089844
0 0.527344 0.396484 0.062500 0.089844
0 0.439453 0.367188 0.074219 0.070312
