0 0.326172 0.263672 0.160156 0.160156
0 0.732422 0.171875 0.191406 0.187500
0 0.687500 0.283203 0.156250 0.160156
0 0.625000 0.367188 0.078125 0.101562
0 0.671875 0.511719 0.093750 0.070312
0 0.500000 0.466797 0.093750 0.105469
0 0.171875 0.400391 0.109375 0.121094
2 0.609375 0.593750 0.093750 0.093750
2 0.968750 0.453125 0.062500 0.125000
2 0.625000 0.669922 0.109375 0.089844
2 0.962891 0.515625 0.074219 0.109375
2 0.048828 0.607422 0.089844 0.113281
2 0.060547 0.703125 0.113281 0.140625
2 0.228516 0.679688 0.160156 0.156250
2 0.250000 0.781250 0.156250 0.140625
2 0.248047 0.873047 0.152344 0.152344
2 0.546875 0.968750 0.078125 0.062500
2 0.544922 0.703125 0.097656 0.093750
2 0.167969 0.921875 0.140625 0.140625
2 0.072266 0.917969 0.136719 0.148438
2 0.125000 0.796875 0.109375 0.109375
2 0.054688 0.843750 0.101562 0.125000
0 0.654297 0.962891 0.160156 0.074219
0 0.837891 0.658203 0.042969 0.035156
0 0.951172 0.960938 0.089844 0.078125
0 0.496094 0.937500 0.070312 0.046875
0 0.167969 0.859375 0.062500 0.093750
0 0.103516 0.648438 0.089844 0.093750
0 0.373047 0.359375 0.191406 0.203125
1 0.402344 0.972656 0.062500 0.054688
0 0.740234 0.437500 0.042969 0.046875
