0 0.412109 0.349609 0.082031 0.082031
0 0.500000 0.300781 0.046875 0.046875
0 0.589844 0.341797 0.039062 0.027344
0 0.412109 0.558594 0.058594 0.062500
0 0.431641 0.841797 0.058594 0.058594
0 0.546875 0.861328 0.054688 0.058594
0 0.658203 0.718750 0.042969 0.031250
0 0.710938 0.625000 0.039062 0.046875
0 0.806641 0.599609 0.144531 0.003906
0 0.759766 0.609375 0.058594 0.062500
0 0.105469 0.818359 0.062500 0.074219
0 0.710938 0.203125 0.117188 0.125000
0 0.935547 0.146484 0.128906 0.136719
0 0.705078 0.046875 0.066406 0.070312
0 0.570312 0.048828 0.078125 0.082031
0 0.761719 0.033203 0.062500 0.058594
0 0.957031 0.019531 0.062500 0.031250
0 0.943359 0.046875 0.058594 0.039062
0 0.953125 0.306641 0.046875 0.058594
0 0.867188 0.306641 0.054688 0.066406
0 0.791016 0.306641 0.042969 0.042969
0 0.853516 0.246094 0.035156 0.054688
0 0.824219 0.257812 0.031250 0.039062
0 0.822266 0.212891 0.042969 0.035156
0 0.800781 0.224609 0.031250 0.035156
0 0.902344 0.500000 0.039062 0.046875
0 0.861328 0.433594 0.050781 0.054688
0 0.970703 0.564453 0.035156 0.042969
0 0.939453 0.835938 0.058594 0.054688
0 0.982422 0.921875 0.035156 0.085938
0 0.771484 0.732422 0.050781 0.050781
0 0.830078 0.769531 0.042969 0.054688
0 0.896484 0.916016 0.035156 0.035156
0 0.941406 0.955078 0.039062 0.050781
0 0.730469 0.535156 0.039062 0.031250
0 0.638672 0.353516 0.050781 0.035156
0 0.679688 0.296875 0.031250 0.023438
0 0.660156 0.322266 0.046875 0.035156
0 0.792969 0.345703 0.039062 0.042969
0 0.810547 0.394531 0.035156 0.039062
0 0.886719 0.371094 0.046875 0.054688
0 0.916016 0.539062 0.035156 0.023438
0 0.787109 0.464844 0.035156 0.031250
0 0.916016 0.818359 0.035156 0.035156
0 0.974609 0.853516 0.042969 0.050781
0 0.980469 0.900391 0.031250 0.035156
0 0.916016 0.990234 0.027344 0.019531
0 0.669922 0.117188 0.050781 0.046875
0 0.017578 0.873047 0.027344 0.066406
2 0.408203 0.185547 0.058594 0.058594
2 0.365234 0.228516 0.058594 0.066406
2 0.416016 0.250000 0.074219 0.062500
2 0.843750 0.078125 0.062500 0.078125
2 0.925781 0.234375 0.093750 0.039062
2 0.603516 0.486328 0.074219 0.074219
2 0.345703 0.478516 0.058594 0.050781
2 0.074219 0.896484 0.070312 0.066406
2 0.052734 0.849609 0.066406 0.066406
2 0.496094 0.964844 0.078125 0.062500
2 0.865234 0.222656 0.066406 0.078125
2 0.861328 0.732422 0.066406 0.089844
