2 0.408203 0.314453 0.128906 0.113281
2 0.892578 0.152344 0.128906 0.125000
2 0.908203 0.250000 0.121094 0.093750
2 0.839844 0.242188 0.093750 0.093750
2 0.722656 0.705078 0.117188 0.121094
2 0.218750 0.718750 0.125000 0.125000
2 0.376953 0.779297 0.128906 0.089844
2 0.181641 0.843750 0.113281 0.109375
2 0.072266 0.779297 0.136719 0.152344
2 0.125000 0.017578 0.093750 0.027344
2 0.109375 0.957031 0.085938 0.078125
2 0.533203 0.404297 0.105469 0.097656
0 0.134766 0.390625 0.074219 0.093750
0 0.060547 0.390625 0.097656 0.109375
0 0.060547 0.310547 0.089844 0.089844
0 0.048828 0.158203 0.089844 0.097656
0 0.216797 0.468750 0.105469 0.125000
0 0.087891 0.607422 0.058594 0.058594
0 0.455078 0.654297 0.128906 0.105469
0 0.500000 0.716797 0.109375 0.097656
0 0.623047 0.703125 0.152344 0.140625
0 0.767578 0.783203 0.128906 0.105469
0 0.908203 0.640625 0.152344 0.156250
0 0.716797 0.216797 0.066406 0.074219
0 0.160156 0.970703 0.054688 0.058594
0 0.214844 0.671875 0.117188 0.093750
0 0.322266 0.544922 0.105469 0.121094
0 0.373047 0.541016 0.121094 0.207031
0 0.496094 0.494141 0.101562 0.074219
0 0.437500 0.455078 0.109375 0.097656
0 0.361328 0.423828 0.113281 0.089844
0 0.361328 0.857422 0.238281 0.207031
0 0.527344 0.623047 0.046875 0.042969
2 0.660156 0.429688 0.070312 0.085938
0 0.623047 0.212891 0.082031 0.058594
