0 0.146484 0.101562 0.089844 0.085938
0 0.466797 0.283203 0.058594 0.066406
0 0.527344 0.404297 0.078125 0.074219
0 0.675781 0.435547 0.078125 0.074219
0 0.875000 0.310547 0.070312 0.066406
0 0.917969 0.343750 0.093750 0.070312
0 0.894531 0.666016 0.140625 0.152344
0 0.943359 0.597656 0.058594 0.054688
0 0.742188 0.791016 0.093750 0.074219
0 0.798828 0.890625 0.050781 0.046875
0 0.947266 0.912109 0.105469 0.089844
0 0.953125 0.966797 0.093750 0.066406
0 0.857422 0.878906 0.050781 0.062500
0 0.576172 0.529297 0.089844 0.066406
0 0.447266 0.630859 0.074219 0.058594
0 0.406250 0.603516 0.078125 0.082031
0 0.361328 0.714844 0.050781 0.054688
0 0.380859 0.826172 0.097656 0.074219
0 0.212891 0.960938 0.175781 0.078125
0 0.093750 0.937500 0.164062 0.125000
0 0.023438 0.640625 0.039062 0.054688
0 0.072266 0.431641 0.066406 0.074219
0 0.039062 0.232422 0.039062 0.050781
0 0.025391 0.267578 0.042969 0.058594
0 0.201172 0.236328 0.035156 0.035156
0 0.080078 0.134766 0.050781 0.050781
0 0.154297 0.041016 0.082031 0.066406
0 0.271484 0.574219 0.050781 0.062500
0 0.326172 0.613281 0.050781 0.054688
0 0.675781 0.750000 0.054688 0.070312
2 0.947266 0.156250 0.105469 0.109375
2 0.634766 0.324219 0.121094 0.132812
2 0.621094 0.414062 0.101562 0.101562
2 0.964844 0.353516 0.070312 0.121094
2 0.382812 0.890625 0.117188 0.132812
2 0.375000 0.488281 0.093750 0.109375
2 0.275391 0.478516 0.097656 0.113281
2 0.056641 0.035156 0.105469 0.062500
2 0.835938 0.710938 0.101562 0.093750
2 0.855469 0.798828 0.132812 0.160156
2 0.310547 0.646484 0.097656 0.082031
