2 0.826172 0.269531 0.097656 0.093750
2 0.765625 0.292969 0.085938 0.085938
2 0.884766 0.333984 0.089844 0.089844
2 0.867188 0.396484 0.070312 0.058594
2 0.923828 0.369141 0.082031 0.066406
2 0.892578 0.441406 0.074219 0.085938
2 0.925781 0.533203 0.078125 0.097656
2 0.898438 0.490234 0.078125 0.082031
2 0.822266 0.447266 0.082031 0.082031
2 0.771484 0.462891 0.105469 0.113281
2 0.720703 0.589844 0.105469 0.109375
2 0.654297 0.572266 0.105469 0.113281
2 0.673828 0.468750 0.113281 0.109375
2 0.853516 0.892578 0.089844 0.105469
2 0.783203 0.958984 0.089844 0.082031
2 0.652344 0.976562 0.085938 0.046875
2 0.412109 0.794922 0.074219 0.082031
2 0.333984 0.794922 0.082031 0.066406
2 0.351562 0.730469 0.109375 0.093750
2 0.291016 0.666016 0.089844 0.082031
2 0.275391 0.742188 0.113281 0.085938
2 0.226562 0.789062 0.109375 0.093750
2 0.078125 0.291016 0.078125 0.089844
2 0.140625 0.140625 0.101562 0.101562
2 0.230469 0.162109 0.078125 0.074219
2 0.224609 0.087891 0.097656 0.066406
2 0.218750 0.054688 0.117188 0.101562
2 0.076172 0.046875 0.089844 0.085938
0 0.306641 0.050781 0.105469 0.093750
0 0.464844 0.093750 0.085938 0.085938
0 0.550781 0.072266 0.039062 0.042969
0 0.847656 0.140625 0.109375 0.117188
0 0.566406 0.195312 0.125000 0.132812
0 0.423828 0.162109 0.066406 0.058594
0 0.279297 0.251953 0.144531 0.136719
0 0.228516 0.222656 0.066406 0.078125
0 0.148438 0.216797 0.070312 0.074219
0 0.097656 0.234375 0.062500 0.062500
0 0.025391 0.220703 0.042969 0.066406
0 0.226562 0.373047 0.054688 0.082031
0 0.083984 0.384766 0.058594 0.066406
0 0.115234 0.351562 0.097656 0.093750
0 0.259766 0.433594 0.066406 0.062500
0 0.345703 0.457031 0.042969 0.046875
0 0.320312 0.541016 0.132812 0.128906
0 0.216797 0.521484 0.136719 0.160156
0 0.095703 0.564453 0.042969 0.035156
0 0.126953 0.630859 0.058594 0.042969
0 0.093750 0.757812 0.046875 0.039062
0 0.085938 0.824219 0.046875 0.039062
0 0.052734 0.777344 0.027344 0.046875
0 0.023438 0.929688 0.039062 0.078125
0 0.097656 0.960938 0.070312 0.078125
0 0.410156 0.968750 0.117188 0.062500
0 0.521484 0.796875 0.082031 0.085938
0 0.474609 0.675781 0.089844 0.078125
0 0.445312 0.648438 0.070312 0.070312
0 0.666016 0.664062 0.097656 0.109375
0 0.726562 0.779297 0.078125 0.082031
0 0.779297 0.873047 0.136719 0.113281
0 0.939453 0.787109 0.105469 0.136719
0 0.921875 0.878906 0.054688 0.046875
0 0.951172 0.632812 0.097656 0.125000
0 0.947266 0.408203 0.089844 0.121094
0 0.982422 0.488281 0.035156 0.054688
0 0.796875 0.521484 0.093750 0.113281
0 0.335938 0.943359 0.039062 0.050781
2 0.406250 0.388672 0.085938 0.089844
2 0.496094 0.431641 0.109375 0.113281
2 0.523438 0.482422 0.093750 0.097656
2 0.451172 0.519531 0.089844 0.093750
2 0.398438 0.474609 0.093750 0.082031
