0 0.171875 0.169922 0.031250 0.027344
0 0.371094 0.263672 0.039062 0.035156
0 0.167969 0.402344 0.031250 0.031250
0 0.128906 0.558594 0.109375 0.085938
0 0.339844 0.525391 0.054688 0.042969
0 0.234375 0.492188 0.031250 0.031250
0 0.250000 0.525391 0.031250 0.027344
0 0.591797 0.892578 0.121094 0.136719
0 0.433594 0.876953 0.062500 0.089844
0 0.515625 0.968750 0.062500 0.062500
0 0.273438 0.953125 0.101562 0.093750
0 0.183594 0.949219 0.109375 0.101562
0 0.134766 0.890625 0.042969 0.046875
2 0.097656 0.792969 0.109375 0.117188
2 0.093750 0.953125 0.078125 0.078125
2 0.205078 0.687500 0.105469 0.093750
2 0.294922 0.683594 0.105469 0.125000
2 0.408203 0.667969 0.128906 0.140625
2 0.589844 0.396484 0.062500 0.066406
2 0.470703 0.765625 0.128906 0.140625
2 0.357422 0.783203 0.128906 0.128906
2 0.310547 0.835938 0.128906 0.125000
2 0.246094 0.837891 0.093750 0.121094
2 0.183594 0.837891 0.101562 0.113281
2 0.203125 0.750000 0.109375 0.109375
2 0.556641 0.654297 0.074219 0.066406
