2 0.656250 0.671875 0.125000 0.109375
2 0.718750 0.728516 0.109375 0.128906
2 0.796875 0.597656 0.109375 0.117188
2 0.890625 0.517578 0.109375 0.121094
2 0.921875 0.589844 0.156250 0.156250
2 0.919922 0.697266 0.128906 0.136719
2 0.845703 0.753906 0.097656 0.093750
2 0.791016 0.759766 0.121094 0.113281
2 0.753906 0.830078 0.101562 0.097656
2 0.775391 0.679688 0.121094 0.109375
2 0.867188 0.951172 0.164062 0.097656
2 0.714844 0.953125 0.156250 0.093750
2 0.150391 0.875000 0.121094 0.125000
2 0.138672 0.750000 0.121094 0.140625
2 0.042969 0.748047 0.078125 0.144531
2 0.058594 0.650391 0.109375 0.128906
0 0.091797 0.279297 0.160156 0.160156
0 0.312500 0.314453 0.078125 0.089844
0 0.486328 0.515625 0.058594 0.046875
0 0.435547 0.439453 0.027344 0.027344
0 0.544922 0.222656 0.097656 0.093750
0 0.054688 0.402344 0.101562 0.148438
0 0.230469 0.292969 0.078125 0.078125
0 0.250000 0.580078 0.140625 0.136719
0 0.298828 0.722656 0.183594 0.187500
0 0.296875 0.939453 0.140625 0.113281
0 0.648438 0.900391 0.101562 0.082031
0 0.654297 0.982422 0.113281 0.035156
0 0.968750 0.736328 0.062500 0.097656
0 0.835938 0.513672 0.039062 0.042969
0 0.037109 0.919922 0.066406 0.121094
0 0.107422 0.806641 0.105469 0.113281
0 0.187500 0.947266 0.078125 0.082031
0 0.589844 0.867188 0.062500 0.062500
0 0.929688 0.927734 0.046875 0.042969
0 0.263672 0.900391 0.074219 0.066406
0 0.392578 0.988281 0.074219 0.023438
0 0.404297 0.156250 0.058594 0.062500
0 0.128906 0.029297 0.046875 0.042969
