2 0.392578 0.357422 0.082031 0.058594
2 0.525391 0.126953 0.074219 0.074219
2 0.527344 0.187500 0.085938 0.062500
2 0.060547 0.156250 0.074219 0.070312
2 0.128906 0.242188 0.062500 0.062500
2 0.078125 0.195312 0.085938 0.078125
2 0.654297 0.037109 0.074219 0.050781
2 0.826172 0.328125 0.082031 0.093750
2 0.781250 0.412109 0.085938 0.089844
2 0.826172 0.486328 0.066406 0.066406
2 0.785156 0.515625 0.070312 0.078125
2 0.912109 0.613281 0.066406 0.070312
2 0.960938 0.568359 0.062500 0.082031
2 0.937500 0.431641 0.078125 0.082031
2 0.603516 0.894531 0.066406 0.062500
2 0.644531 0.974609 0.054688 0.050781
2 0.216797 0.800781 0.066406 0.054688
2 0.121094 0.837891 0.039062 0.082031
2 0.072266 0.824219 0.035156 0.101562
0 0.587891 0.109375 0.066406 0.062500
0 0.900391 0.103516 0.066406 0.074219
0 0.875000 0.021484 0.046875 0.035156
0 0.927734 0.019531 0.050781 0.031250
0 0.898438 0.169922 0.046875 0.042969
0 0.888672 0.216797 0.042969 0.035156
0 0.966797 0.884766 0.066406 0.074219
0 0.097656 0.568359 0.046875 0.042969
0 0.037109 0.972656 0.035156 0.054688
0 0.041016 0.029297 0.058594 0.050781
0 0.083984 0.226562 0.042969 0.046875
0 0.664062 0.125000 0.062500 0.046875
