0 0.140625 0.093750 0.117188 0.109375
0 0.271484 0.156250 0.082031 0.085938
0 0.447266 0.070312 0.066406 0.078125
0 0.601562 0.109375 0.109375 0.109375
0 0.744141 0.134766 0.074219 0.082031
0 0.820312 0.121094 0.132812 0.187500
0 0.853516 0.261719 0.144531 0.109375
0 0.912109 0.320312 0.082031 0.070312
0 0.822266 0.371094 0.152344 0.156250
0 0.921875 0.517578 0.031250 0.035156
0 0.951172 0.539062 0.035156 0.039062
0 0.982422 0.593750 0.035156 0.039062
0 0.986328 0.416016 0.027344 0.113281
0 0.607422 0.576172 0.066406 0.082031
0 0.564453 0.597656 0.089844 0.093750
0 0.369141 0.742188 0.089844 0.093750
0 0.699219 0.792969 0.085938 0.093750
0 0.673828 0.859375 0.089844 0.070312
0 0.621094 0.937500 0.125000 0.125000
0 0.810547 0.703125 0.113281 0.109375
0 0.984375 0.923828 0.031250 0.105469
0 0.953125 0.779297 0.093750 0.160156
0 0.423828 0.947266 0.113281 0.105469
0 0.539062 0.955078 0.125000 0.089844
0 0.382812 0.851562 0.109375 0.109375
0 0.291016 0.851562 0.089844 0.093750
0 0.335938 0.896484 0.078125 0.097656
0 0.128906 0.925781 0.085938 0.070312
0 0.029297 0.572266 0.050781 0.074219
0 0.011719 0.816406 0.015625 0.062500
0 0.679688 0.320312 0.093750 0.070312
0 0.675781 0.394531 0.109375 0.109375
0 0.548828 0.255859 0.082031 0.089844
0 0.193359 0.486328 0.089844 0.128906
0 0.228516 0.531250 0.097656 0.109375
0 0.042969 0.037109 0.078125 0.066406
0 0.837891 0.914062 0.042969 0.046875
2 0.474609 0.677734 0.105469 0.136719
2 0.621094 0.734375 0.101562 0.101562
2 0.453125 0.773438 0.117188 0.125000
2 0.078125 0.654297 0.093750 0.097656
2 0.125000 0.470703 0.093750 0.113281
2 0.683594 0.736328 0.078125 0.113281
2 0.753906 0.789062 0.070312 0.085938
2 0.539062 0.845703 0.054688 0.050781
2 0.437500 0.031250 0.070312 0.054688
2 0.208984 0.894531 0.066406 0.078125
