0 0.277344 0.080078 0.117188 0.113281
0 0.386719 0.195312 0.070312 0.062500
0 0.417969 0.029297 0.132812 0.050781
0 0.392578 0.072266 0.074219 0.050781
0 0.244141 0.453125 0.074219 0.078125
0 0.417969 0.289062 0.085938 0.062500
0 0.117188 0.302734 0.070312 0.066406
0 0.111328 0.349609 0.082031 0.058594
0 0.048828 0.277344 0.089844 0.132812
0 0.046875 0.744141 0.078125 0.074219
0 0.097656 0.021484 0.062500 0.035156
0 0.068359 0.486328 0.058594 0.074219
0 0.080078 0.406250 0.066406 0.046875
2 0.652344 0.263672 0.085938 0.074219
2 0.888672 0.250000 0.089844 0.101562
2 0.962891 0.287109 0.074219 0.074219
2 0.718750 0.041016 0.093750 0.074219
2 0.773438 0.025391 0.070312 0.042969
2 0.652344 0.015625 0.062500 0.023438
2 0.224609 0.890625 0.082031 0.078125
2 0.093750 0.585938 0.070312 0.085938
2 0.039062 0.576172 0.062500 0.058594
2 0.044922 0.505859 0.066406 0.066406
2 0.128906 0.126953 0.078125 0.074219
2 0.142578 0.076172 0.097656 0.082031
2 0.068359 0.066406 0.082031 0.070312
2 0.062500 0.173828 0.078125 0.066406
2 0.349609 0.335938 0.066406 0.062500
2 0.326172 0.039062 0.074219 0.070312
