0 0.408203 0.216797 0.113281 0.121094
0 0.468750 0.232422 0.031250 0.035156
0 0.234375 0.140625 0.031250 0.031250
0 0.265625 0.203125 0.015625 0.031250
0 0.150391 0.232422 0.058594 0.066406
0 0.054688 0.199219 0.031250 0.039062
0 0.033203 0.234375 0.058594 0.093750
0 0.279297 0.017578 0.097656 0.027344
0 0.392578 0.025391 0.089844 0.042969
0 0.421875 0.074219 0.078125 0.078125
0 0.544922 0.041016 0.035156 0.042969
0 0.509766 0.078125 0.058594 0.062500
0 0.654297 0.056641 0.152344 0.105469
0 0.585938 0.076172 0.039062 0.050781
0 0.548828 0.140625 0.097656 0.109375
0 0.597656 0.189453 0.031250 0.035156
0 0.826172 0.185547 0.050781 0.074219
0 0.980469 0.111328 0.039062 0.089844
0 0.962891 0.140625 0.050781 0.046875
0 0.859375 0.248047 0.078125 0.074219
0 0.744141 0.292969 0.121094 0.125000
0 0.556641 0.371094 0.042969 0.046875
0 0.308594 0.314453 0.039062 0.035156
0 0.248047 0.402344 0.066406 0.078125
0 0.310547 0.408203 0.082031 0.074219
0 0.312500 0.462891 0.062500 0.066406
0 0.378906 0.423828 0.046875 0.066406
0 0.453125 0.421875 0.031250 0.046875
0 0.468750 0.406250 0.046875 0.046875
0 0.529297 0.439453 0.066406 0.050781
0 0.154297 0.441406 0.105469 0.109375
0 0.203125 0.470703 0.046875 0.035156
0 0.181641 0.523438 0.035156 0.039062
0 0.166016 0.560547 0.035156 0.035156
0 0.128906 0.591797 0.054688 0.050781
0 0.044922 0.503906 0.082031 0.125000
0 0.392578 0.468750 0.035156 0.031250
0 0.390625 0.501953 0.046875 0.050781
0 0.384766 0.542969 0.050781 0.046875
0 0.431641 0.574219 0.089844 0.093750
0 0.691406 0.437500 0.031250 0.046875
0 0.654297 0.554688 0.027344 0.039062
0 0.640625 0.595703 0.046875 0.066406
0 0.703125 0.623047 0.031250 0.035156
0 0.806641 0.714844 0.050781 0.031250
0 0.923828 0.859375 0.082031 0.078125
0 0.869141 0.919922 0.066406 0.074219
0 0.812500 0.873047 0.031250 0.042969
0 0.710938 0.892578 0.085938 0.113281
0 0.656250 0.906250 0.078125 0.093750
0 0.611328 0.908203 0.042969 0.050781
0 0.509766 0.884766 0.042969 0.042969
0 0.527344 0.792969 0.039062 0.046875
0 0.542969 0.722656 0.046875 0.046875
0 0.330078 0.609375 0.042969 0.046875
0 0.339844 0.736328 0.046875 0.042969
0 0.400391 0.796875 0.042969 0.046875
0 0.142578 0.689453 0.050781 0.050781
0 0.031250 0.667969 0.031250 0.039062
0 0.136719 0.826172 0.054688 0.050781
0 0.248047 0.828125 0.058594 0.062500
0 0.404297 0.876953 0.066406 0.066406
0 0.324219 0.890625 0.085938 0.093750
0 0.216797 0.929688 0.058594 0.062500
0 0.261719 0.982422 0.046875 0.035156
0 0.316406 0.982422 0.062500 0.035156
2 0.189453 0.607422 0.097656 0.097656
2 0.160156 0.777344 0.109375 0.101562
2 0.519531 0.300781 0.046875 0.093750
2 0.685547 0.343750 0.105469 0.109375
2 0.650391 0.970703 0.121094 0.058594
2 0.734375 0.972656 0.117188 0.054688
2 0.744141 0.132812 0.144531 0.132812
2 0.867188 0.037109 0.132812 0.066406
2 0.722656 0.035156 0.117188 0.062500
2 0.984375 0.035156 0.031250 0.046875
