2 0.486328 0.416016 0.105469 0.105469
2 0.515625 0.490234 0.101562 0.105469
2 0.380859 0.976562 0.042969 0.039062
2 0.115234 0.962891 0.097656 0.074219
2 0.378906 0.347656 0.054688 0.070312
2 0.341797 0.371094 0.066406 0.062500
0 0.558594 0.154297 0.109375 0.113281
0 0.306641 0.302734 0.089844 0.097656
0 0.230469 0.396484 0.070312 0.066406
0 0.150391 0.248047 0.058594 0.058594
0 0.611328 0.449219 0.027344 0.031250
0 0.210938 0.570312 0.046875 0.039062
0 0.162109 0.701172 0.035156 0.035156
0 0.433594 0.978516 0.054688 0.042969
0 0.011719 0.263672 0.015625 0.058594
