0 0.402344 0.304688 0.125000 0.117188
0 0.646484 0.320312 0.089844 0.093750
0 0.500000 0.439453 0.109375 0.121094
0 0.480469 0.531250 0.101562 0.046875
0 0.781250 0.218750 0.062500 0.046875
0 0.478516 0.748047 0.058594 0.050781
0 0.263672 0.650391 0.050781 0.035156
0 0.248047 0.759766 0.050781 0.058594
0 0.181641 0.847656 0.082031 0.070312
0 0.810547 0.701172 0.089844 0.058594
0 0.796875 0.859375 0.125000 0.093750
0 0.921875 0.658203 0.093750 0.089844
0 0.890625 0.544922 0.093750 0.082031
0 0.859375 0.460938 0.062500 0.062500
0 0.935547 0.431641 0.066406 0.050781
0 0.982422 0.585938 0.035156 0.070312
0 0.984375 0.687500 0.031250 0.078125
0 0.980469 0.898438 0.039062 0.109375
0 0.625000 0.890625 0.046875 0.046875
0 0.687500 0.937500 0.062500 0.093750
0 0.515625 0.042969 0.109375 0.062500
0 0.654297 0.703125 0.058594 0.046875
2 0.214844 0.437500 0.140625 0.171875
2 0.250000 0.492188 0.125000 0.125000
2 0.123047 0.500000 0.113281 0.140625
2 0.033203 0.464844 0.058594 0.148438
2 0.056641 0.531250 0.097656 0.109375
2 0.734375 0.730469 0.078125 0.078125
