0 0.951172 0.083984 0.082031 0.121094
0 0.828125 0.285156 0.085938 0.101562
0 0.910156 0.349609 0.062500 0.113281
0 0.900391 0.191406 0.019531 0.031250
0 0.667969 0.218750 0.039062 0.039062
0 0.744141 0.365234 0.113281 0.128906
0 0.658203 0.285156 0.035156 0.046875
0 0.466797 0.234375 0.042969 0.046875
0 0.130859 0.039062 0.105469 0.070312
0 0.046875 0.035156 0.085938 0.062500
0 0.259766 0.349609 0.066406 0.066406
0 0.054688 0.345703 0.078125 0.074219
0 0.093750 0.396484 0.070312 0.082031
0 0.046875 0.582031 0.062500 0.070312
0 0.162109 0.640625 0.050781 0.046875
0 0.082031 0.816406 0.109375 0.171875
0 0.248047 0.796875 0.167969 0.148438
0 0.464844 0.724609 0.140625 0.144531
0 0.544922 0.910156 0.082031 0.085938
0 0.515625 0.953125 0.156250 0.093750
0 0.355469 0.951172 0.117188 0.097656
0 0.205078 0.869141 0.058594 0.066406
2 0.566406 0.605469 0.070312 0.101562
2 0.679688 0.568359 0.070312 0.074219
2 0.892578 0.482422 0.128906 0.136719
2 0.951172 0.488281 0.097656 0.156250
2 0.378906 0.767578 0.101562 0.136719
2 0.417969 0.855469 0.101562 0.101562
2 0.310547 0.855469 0.097656 0.070312
2 0.035156 0.126953 0.062500 0.082031
2 0.203125 0.636719 0.046875 0.039062
