0 0.109375 0.357422 0.109375 0.128906
0 0.287109 0.402344 0.089844 0.101562
0 0.347656 0.349609 0.070312 0.074219
0 0.523438 0.525391 0.046875 0.066406
0 0.730469 0.376953 0.179688 0.199219
0 0.759766 0.457031 0.230469 0.218750
0 0.865234 0.824219 0.113281 0.132812
0 0.916016 0.851562 0.136719 0.117188
0 0.613281 0.771484 0.101562 0.113281
0 0.550781 0.839844 0.070312 0.070312
0 0.623047 0.929688 0.097656 0.101562
0 0.687500 0.982422 0.054688 0.035156
0 0.027344 0.119141 0.046875 0.066406
0 0.027344 0.191406 0.046875 0.054688
0 0.152344 0.175781 0.078125 0.085938
0 0.181641 0.140625 0.050781 0.054688
0 0.250000 0.220703 0.062500 0.066406
0 0.267578 0.062500 0.128906 0.117188
0 0.417969 0.072266 0.085938 0.089844
0 0.945312 0.128906 0.070312 0.062500
0 0.966797 0.265625 0.066406 0.078125
0 0.925781 0.019531 0.093750 0.031250
2 0.476562 0.292969 0.109375 0.140625
2 0.529297 0.343750 0.105469 0.125000
2 0.783203 0.162109 0.113281 0.113281
2 0.550781 0.037109 0.101562 0.066406
2 0.535156 0.048828 0.062500 0.074219
2 0.460938 0.085938 0.062500 0.046875
2 0.408203 0.517578 0.097656 0.097656
2 0.884766 0.939453 0.121094 0.105469
2 0.050781 0.976562 0.093750 0.046875
2 0.146484 0.054688 0.105469 0.101562
2 0.048828 0.048828 0.089844 0.089844
0 0.203125 0.240234 0.039062 0.035156
2 0.123047 0.062500 0.058594 0.070312
