2 0.230469 0.279297 0.093750 0.097656
2 0.210938 0.203125 0.101562 0.078125
2 0.609375 0.265625 0.093750 0.078125
2 0.656250 0.859375 0.046875 0.062500
2 0.609375 0.873047 0.093750 0.097656
0 0.328125 0.093750 0.093750 0.093750
0 0.625000 0.156250 0.156250 0.156250
0 0.398438 0.017578 0.078125 0.027344
0 0.541016 0.017578 0.082031 0.027344
0 0.968750 0.148438 0.046875 0.046875
0 0.916016 0.281250 0.058594 0.046875
0 0.482422 0.156250 0.097656 0.109375
0 0.513672 0.265625 0.066406 0.062500
0 0.390625 0.279297 0.093750 0.089844
0 0.076172 0.433594 0.144531 0.164062
0 0.091797 0.525391 0.035156 0.050781
0 0.515625 0.554688 0.062500 0.046875
0 0.640625 0.529297 0.078125 0.082031
0 0.873047 0.593750 0.058594 0.062500
0 0.984375 0.500000 0.031250 0.078125
0 0.968750 0.697266 0.046875 0.074219
0 0.919922 0.734375 0.066406 0.093750
0 0.687500 0.812500 0.046875 0.046875
0 0.609375 0.591797 0.062500 0.058594
0 0.603516 0.625000 0.050781 0.031250
0 0.562500 0.607422 0.062500 0.066406
0 0.511719 0.671875 0.101562 0.093750
0 0.388672 0.732422 0.066406 0.089844
0 0.328125 0.765625 0.046875 0.046875
0 0.279297 0.953125 0.097656 0.078125
0 0.203125 0.824219 0.109375 0.101562
0 0.078125 0.761719 0.062500 0.078125
0 0.087891 0.835938 0.089844 0.078125
0 0.056641 0.937500 0.050781 0.046875
0 0.033203 0.968750 0.058594 0.062500
1 0.595703 0.404297 0.121094 0.097656
1 0.923828 0.210938 0.097656 0.062500
