2 0.128906 0.304688 0.085938 0.093750
2 0.179688 0.382812 0.078125 0.085938
2 0.080078 0.427734 0.105469 0.105469
2 0.148438 0.439453 0.101562 0.089844
2 0.812500 0.373047 0.140625 0.144531
2 0.890625 0.392578 0.132812 0.128906
2 0.931641 0.445312 0.128906 0.140625
2 0.929688 0.562500 0.117188 0.101562
2 0.853516 0.519531 0.144531 0.140625
2 0.746094 0.611328 0.148438 0.136719
2 0.667969 0.693359 0.109375 0.105469
2 0.746094 0.718750 0.148438 0.125000
2 0.785156 0.826172 0.125000 0.105469
2 0.527344 0.902344 0.117188 0.117188
2 0.664062 0.957031 0.148438 0.085938
2 0.923828 0.949219 0.105469 0.101562
2 0.888672 0.943359 0.097656 0.089844
2 0.847656 0.919922 0.109375 0.128906
2 0.746094 0.923828 0.109375 0.113281
2 0.695312 0.859375 0.125000 0.117188
2 0.404297 0.990234 0.105469 0.019531
0 0.505859 0.384766 0.121094 0.128906
0 0.603516 0.330078 0.105469 0.113281
0 0.404297 0.730469 0.042969 0.039062
0 0.611328 0.765625 0.105469 0.117188
0 0.501953 0.939453 0.097656 0.074219
0 0.083984 0.523438 0.089844 0.093750
0 0.105469 0.669922 0.109375 0.097656
0 0.013672 0.621094 0.019531 0.093750
0 0.015625 0.480469 0.023438 0.062500
